379,24,480,21,481,45,380,48,1JAPAN
311,25,378,25,378,48,311,48,LTD
276,26,308,26,308,51,276,51,C0
171,27,257,26,258,48,172,50,MOTOR
64,29,155,27,156,51,65,53,NSSAN
200,62,239,62,239,76,200,76,TYPE
359,62,512,62,512,92,359,92,E-FK10
144,66,171,66,171,90,144,90,*
101,67,127,67,127,90,101,90,*
202,80,234,82,233,94,201,93,TIPO
240,106,499,102,500,130,241,134,FK10-012545
36,108,75,108,75,116,36,116,DNASSIS
79,108,91,108,91,116,79,116,NO.
54,120,99,120,99,128,54,128,ELCHASIS
40,121,51,121,51,127,40,127,N
37,137,69,137,69,148,37,148,NRUUL
97,141,468,141,468,167,97,167,SACARFDK10TDA----
43,152,81,152,81,162,43,162,VMUTFLL
104,170,195,171,194,182,103,180,***COLOR.TRNM
375,176,391,176,391,186,375,186,*
266,175,340,177,339,197,265,195,7K1
348,178,369,178,369,198,348,198,3
109,184,233,189,232,198,108,193,TLCOLOR GUARNICION
372,189,389,189,389,199,372,199,*
102,204,130,204,130,211,102,211,LWANEL
87,205,94,205,94,210,87,210,Z
150,202,308,207,307,227,149,223,MA107*-*
392,205,452,205,452,227,392,227,987
69,209,81,209,81,219,69,219,*
329,209,361,209,361,228,329,228,S)
86,212,97,212,97,220,86,220,*
105,213,131,215,130,221,104,220,W*08
81,231,137,231,137,238,81,238,S4***
143,234,158,234,158,238,143,238,T5AT
159,234,171,234,171,240,159,240,ANS
177,234,201,235,200,242,176,240,NALE
388,238,468,234,469,255,389,259,FD37
233,235,363,238,362,256,232,253,RV3501A
83,239,137,241,136,248,82,247,***
144,242,155,242,155,248,144,248,19A
156,243,171,243,171,248,156,248,ASS
179,244,196,244,196,250,179,250,AK3
366,264,405,264,405,272,366,272,PLANT
300,265,332,265,332,277,300,277,*
445,267,460,267,460,287,445,287,5
364,276,410,276,410,284,364,284,PLANTA
109,279,176,279,176,293,109,293,***
190,281,355,287,354,304,189,298,******
373,294,399,294,399,301,373,301,MADE
406,295,416,295,416,301,406,301,W
421,295,452,295,452,302,421,302,JAPAN
432,304,443,304,443,308,432,308,091
