24,24,127,27,126,48,23,45,TOYOTA
141,28,241,31,240,52,140,49,MOTOR
255,31,491,41,490,63,254,53,CORPORATION
505,47,588,50,587,68,504,65,JAPAN
24,55,514,80,512,111,22,86,MODELGF-MCU1OW-AWPGK-
27,90,97,92,96,108,26,106,ENGINE
100,94,240,101,239,127,98,119,1MZ-FE
371,109,481,113,480,141,370,137,2994
517,112,552,112,552,132,517,132,CC
27,118,419,147,417,172,25,144,FRMENa4C010-0033392
106,160,173,165,172,180,105,175,COLOR
208,167,280,173,279,190,207,184,TRIM
319,176,398,182,396,200,317,193,GVM(KG)
103,187,167,191,165,215,101,211,057
193,195,283,201,281,224,191,218,FB00
35,207,69,209,68,217,34,215,TRANS.
125,214,215,228,211,249,121,236,140E
71,220,99,222,98,233,70,231,/ALE
237,230,332,236,330,260,235,254,-01A
37,238,66,242,65,249,36,245,PLMT
105,247,121,247,121,262,105,262,O
132,250,183,250,183,266,132,266,113
71,252,100,255,99,265,70,261,/BULT
50,282,86,287,84,297,49,293,33030
154,286,449,323,447,344,152,307,-*********
507,319,539,319,539,354,507,354,C
