391,130,572,93,577,116,396,152,CORPORATION
495,135,506,135,506,149,495,149,X
287,149,380,132,384,155,291,172,MOTOR
395,152,496,133,500,157,400,176,55V-F)
383,155,394,155,394,171,383,171,P
153,177,272,153,277,177,158,201,TOYOTA
338,159,377,159,377,184,338,184,NO
476,183,493,183,493,202,476,202,5
380,201,474,181,479,205,385,225,00839
161,203,225,190,229,212,166,225,MODEL
467,214,477,214,477,222,467,222,IM
173,229,238,215,242,234,177,247,ENGINE
269,229,285,229,285,245,269,245,N
538,238,586,227,590,243,542,254,N2Z2
274,252,318,243,322,259,278,269,C0LOR
349,254,389,247,393,269,352,276,FN
446,257,462,257,462,272,446,272,A
337,285,348,285,348,296,337,296,0
319,288,334,288,334,302,319,302,A
303,292,317,292,317,305,303,305,0
