301,40,498,31,499,63,303,72,CO.LTD.JAPAN
181,45,285,42,286,72,182,76,MOTOR
72,51,168,47,169,78,73,82,NSSSAN
354,83,493,77,494,104,355,111,GF-Z10
107,92,165,90,166,116,108,118,**
282,127,479,119,480,144,283,152,Z10-125867
107,139,130,139,130,159,107,159,NO
46,141,103,141,103,161,46,161,CANASSIS
165,167,426,156,427,178,166,190,TANARGAZ10EDA--
461,161,470,161,470,170,461,170,-
71,179,136,177,137,192,72,194,AODEL
433,184,454,184,454,202,433,202,G
374,185,418,185,418,204,374,204,531
126,200,236,194,237,211,127,216,**-**5
416,207,514,207,514,226,416,226,4274 ce
229,215,361,210,362,229,230,234,CG13(DE)
103,225,164,222,165,237,104,240,***
399,235,459,231,460,248,400,252,FL40
259,240,371,235,372,253,260,257,RL4F03A
92,250,233,245,234,260,93,264,*****7*7*
468,259,484,259,484,276,468,276,5
386,262,431,260,432,276,387,278,T*
184,293,435,283,436,301,185,311,*********
