473,197,518,195,519,206,474,208,JAPAN
316,201,465,196,466,212,317,216,CORPORATION
233,202,302,202,302,217,233,217,MOTOR
134,204,230,202,231,217,135,220,TOYOTALI
201,219,474,211,475,231,202,238,QDE-KDH201V-SMPDY
134,227,184,227,184,239,134,239,MODEL
411,232,477,231,478,250,412,252,2982
328,246,384,233,387,245,331,259,
205,239,315,236,316,256,206,259,TKD-ETV
484,241,504,237,506,247,486,251,mL
133,248,201,241,203,256,134,262,ENGINEOY
202,259,427,252,428,272,203,280,KDH201-0109121
132,268,166,266,167,280,133,282,FRAME
171,267,185,267,185,281,171,281,No.
430,276,470,274,471,289,431,290,OPTION
358,278,392,278,392,292,358,292,PLANT
282,281,311,279,312,294,283,295,TRIM
120,282,145,282,145,298,120,298,DL
208,283,244,283,244,297,208,297,COLOR
495,291,532,281,536,297,499,307,TC
154,295,201,284,205,300,158,311,TDYO
256,293,265,293,265,303,256,303,CE
351,296,392,294,393,315,352,317,C31
268,299,335,295,336,316,269,319,EC13
208,300,252,300,252,320,208,320,1E7
458,317,491,317,491,333,458,333,397
293,319,368,316,369,338,294,341,A01A
202,321,290,319,291,340,203,342,A340E
391,322,413,322,413,337,391,337,
379,328,390,328,390,339,379,339,
128,329,162,329,162,345,128,345,LTRANS.J
161,329,190,329,190,343,161,343,./AXLE
194,335,204,335,204,343,194,343,NA
