511,127,582,122,583,138,512,143,JAPAN
294,138,496,126,497,146,295,159,CORPORATION
196,144,276,141,277,158,197,161,MOTOR
88,147,178,143,179,161,89,164,TOYOTA
160,162,482,150,483,176,161,188,DBA-NZE141-AEXNK
87,172,140,172,140,187,87,187,MODEL
427,177,512,177,512,203,427,203,1496
525,189,554,184,557,199,528,204,mL
161,188,271,186,272,209,162,211,1NZ-FE
86,195,139,195,139,211,86,211,ENGINE
157,210,441,207,442,232,158,236,NZE141-6069486
122,219,138,219,138,236,122,236,TN.
83,220,119,220,119,235,83,235,FRAME
441,237,498,237,498,257,441,257,OPTION
340,238,386,238,386,258,340,258,PLANT
248,239,283,239,283,258,248,258,TRIM
162,241,202,241,202,257,162,257,COLOR
156,263,211,263,211,287,156,287,0Z0
232,261,311,261,311,287,232,287,FA43
332,263,389,263,389,289,332,289,N11
155,289,230,289,230,313,155,313,K310
272,287,354,291,352,317,271,313,-02A
81,293,139,293,139,310,81,310,TRANS./AXLE
478,297,527,299,526,320,477,318,415
20,452,105,455,104,468,19,465,GardaaPag9
135,454,181,454,181,465,135,465,13033
110,455,134,455,134,466,110,466,Re*
