85,126,197,126,197,146,85,146,TOYOTA
217,127,307,128,306,148,216,146,MOTOR
325,130,511,131,510,151,324,149,CORPORATION
521,136,575,136,575,149,521,149,JAPAN
178,147,538,153,537,178,177,172,CBE-NCP51V-EXPDK-C
89,154,154,154,154,172,89,172,MODEL
184,174,302,174,302,198,184,198,1NZ-FE
446,176,516,177,515,201,445,199,1496
93,181,156,181,156,198,93,198,ENGINE
524,189,545,187,546,198,525,200,mL
181,201,440,201,440,224,181,224,NCP51-0231613
95,206,136,206,136,223,95,223,FRAME
142,207,158,207,158,223,142,223,No.
189,229,232,229,232,244,189,244,COLOR
281,229,314,229,314,245,281,245,TRIM
369,229,409,229,409,245,369,245,PLANT
455,229,498,229,498,244,455,244,OPTION
184,249,243,249,243,271,184,271,058
263,250,338,248,339,270,264,271,ED10
361,249,408,249,408,272,361,272,K21
186,272,282,272,282,293,186,293,U340E
304,272,377,272,377,293,304,293,-05A
464,276,509,276,509,292,464,292,N471
138,278,169,278,169,294,138,294,/AXLE
104,279,137,279,137,294,104,294,TRANS.
20,453,104,455,103,467,19,464,CardealPage
135,454,180,454,180,465,135,465,37100
109,455,132,455,132,465,109,465,ReF.
